5910705.13        8419698.40     10.00      0.00 "8_62"
5910752.11        8420186.54     10.00      0.00 "6_62"
5910580.67        8419750.43     10.00      0.00 "7_62"
5911057.93        8420067.42     10.00      0.00 "5_62"
5910995.05        8419904.86     10.00      0.00 "4_62"
5910867.65        8419556.70     10.00      0.00 "3_62"
5910776.82        8419343.76     10.00      0.00 "2_62"
5910644.58        8419545.66     10.00      0.00 "9_65"
5910643.04        8419569.75     10.00      0.00 "9a_62"
5910560.83        8419578.57     10.00      0.00 "10_62"
5910517.05        8419471.51     10.00      0.00 "10a_62"
5910685.27        8419106.62     10.00      0.00 "1_62"
5910457.96        8419320.35     10.00      0.00 "11_62"
5910627.28        8419129.37     10.00      0.00 "19_62"
5910364.18        8419037.30     10.00      0.00 "14_62"
5910378.97        8419321.16     10.00      0.00 "11a_62"
5910298.18        8419379.95     10.00      0.00 "12_62"
5910193.91        8419103.26     10.00      0.00 "13_62"
5910493.98        8418786.58     10.00      0.00 "18_62"
5910228.82        8418687.91     10.00      0.00 "15_62"
5910487.49        8418587.15     10.00      0.00 "16_62"
5910555.48        8418762.89     10.00      0.00 "17_62"
